1502282601612320771
1290559561754005507
1207426652373827584
1396161221972217860
1526924466311155714
1530100059609899008
1379018750591172611
1273998622028259328
730412056491528193
1478190837049683969
1495723097730990080
1513604162772107265
1050951527450468353
1264409625215954944
1385094071463473160
1526836787632480256
955190844
1053050671241543681
31992855
1410270289074741254
1430276383859634179
4583331132
969509659
1045619716092350464
1451089087377522689
311003007
748569352723701760
1276614352687247360
1389658584196149251
3306286357
1295358300725235712
913840362044747776
2544574166
1001113010612703232
208434435
1448004794451439624
1252787486
1262789163381854209
2541402348
23558062
1372664444472410120
999487055058137089
1441467061247614977
942582125303394304
711113924238663681
250196976
2674575608
274066284
1442609421427695617
1372924009441071107
336191915
1194689420701491202
3122470001
1304501263795515392
1491609173657722881
1352047496927866880
1373579808932790274
1458984049041543170
1410354082112544772
1457895688893726724
1393534606125592577
2942872475
1170994730643017729
1362851755827081223
1432631771573727233
988666704203935745
1406588476900876288
1228975047727030272
1415819105354010630
977080130848747521
326622252
1414612180897390592
1094325061526478850
179466197
1159509027040190466
1411787862828331010
3286359792
1328469879356346368
1383943020932780033
1314434830617116673
980799282168000512
1146493032776101888
1247812658394468352
749012386904965120
1442796339100803073
1454102627134869504
1481963213566664705
1400012650281685002
1394235358762524674
2273504501
20835692
1349889561782939649
766688124
1232531253775093760
817797296779907072
1474990786815029251
1442190407140478978
784786446515331074
930453075457921029
1474289472246362115
1691445204
1433231824587735042
4025385555
1361053678216515584
1454056252670193666
787047238686085120
3606411675
204513061
1466546668430630915
1343717301154152448
369591884
1416152640
3048946786
967284296313655296
1427382837095895044
1035053141249548288
1317010282808545281
1301106061865172992
9502542
1501348246651912200
1342478111087202306
2437453647
1368238522931417088
1106310289711120384
2218043101
1310120011151732736
521130656
1427911718857068546
1503851389805543431
232929077
19457721
1512162585566662664
1494579529511104513
1460380775573032963
1471933263283376130
1203084830977773569
1501573560875241476
3230988631
1467572703112712197
1467594595198455814
1505946424411836416
1479845495925260293
1147551102931333120
1469846788806955014
1500846104618979329
1479846480936640514
1482427188939001862
729840937
1145841138294644736
1482447490058231815
1505521810502082566
1479920843232849924
1211505326744166403
336957898
1019239952087801856
1475792969672314882
1206667841346428929
1449810845987397636
1447709695360208899
1294043569334837249
1467605511944253440
2815437643
1067070493
1497804431018147840
1571865672
1494042375529938946
1436367481602412552
1444609082636136454
1417158542566387712
711536471
1286002507634954241
3759442276
33230355
1260235422082400256
1459630144180600840
38828500
1402002023046856712
1442226912105955333
1345699339964878848
886836077142708224
1392099555857010693
1251471794243956736
1491127378231312394
1214926532029767681
1365733567527968768
1354535803469373441
1456309380010450945
749559233994067968
33721062
1226418608286334976
1303716566421266432
1357395816193916929
982571545376710656
1452889863158697984
1425856129767182342
1464167019989946385
1428449243208077315
1429923132165562375
467527154
1465585137387589632
1390306174172495872
1456254800916480005
1481007867087912961
1498127962620645379
1127969518230417415
1588194414
1436526596496629766
1366606649620889604
1071556895482232832
1459578964238872581
1406662322203107328
1456365283292205057
720854836418228224
753257634
1320827626068402176
1349626286449168386
1456285646994169861
1471542577602170882
1400768634453102592
1466657311813156864
1489365172665864193
1456345565143437314
1468919048377442307
1433813042186227712
1188336104698609664
1460135417022353411
1456310283819945985
603015225
1460559382538866691
522520298
1487141432666251267
1062814715183681536
1455836786844844033
1058745984170115072
1169815304114860032
1452939192842006536
1483551286184271874
1463449987136856067
1323038188269690882
1348413611241316359
1419860457112883209
1498654082923483145
1211471300432027649
1442447104698294272
1401436137772756998
1401099186154590209
1466956698254733314
62278622
1516467758292250625
1508117242512384010
1507532691574558731
1140215023739887616
1460586471258271748
1487948417552822274
1498764096581349378
1472194875479232513
2308769761
1394573644714627072
1451674888058679300
1393935296643821568
1350131355288432642
1389791724839395332
1453640230867648512
1434238272859947010
2426870485
1523032768615231488
1385372820402622467
2941676418
928523836303089665
892509153859686400
113342470
1158718994393645056
1471546053073813504
1053827017718882304
1299758331737718785
1421140222687936515
853765987560177665
1477303234972770306
1495037055168319493
716569486
3067544352
2274460998
1072139057986039808
1620633031
2661489939
1307621680261394433
1555000574
1378834060785639425
1215271409557147649
1501656184608247815
827515712101089280
959767305990361088
1312479355742937088
1434535177779249153
1133790822
1383610741391990787
1389626650300661760
1434947649069883394
1282153624685158401
1950284174
1035276747040845829
1179884744969986048
168829696
451069470
633246096
1373148415450701826
1288180753491140608
120393517
1451783481101586433
1455466315699965956
1244062751338741762
1511084673975341058
1433784317335859209
1481513839648641025
1428389961192067076
792887189260599297
1433772022895558662
923149755961634816
1461124340469096449
1109246180515565568
1487118774008528902
1435160422437564418
1345722978751938562
1061610724655620096
1400733764163092481
804399673
1489813290951888896
1428170805893115907
1036943512502259712
1024191615961841664
1122448719100641280
439714057
1500617224473747460
1371460587516006401
1070413029144186881
1442838575549075466
1185851543297429505
1187729699402850305
1411626100338348036
1216832672388927489
1453938601247445000
1480726090016428034
1425923069156249604
1360945716282224643
1459790891132985348
1508486764201230344
1343389603
1467164447399682048
568187564
324486047
1442780801171607555
3159532982
1469994148619038731
1292641459385106435
1254757023364726785
2932346092
1404705455457271811
1245698960343302146
754077474003312640
1472397364682010631
1497915098715009025
39889143
1456357330543579143
878420357664919552
2259340153
1505183662102523906
1495277440809463808
1364237184874602496
330396398
1493833229442293760
1382062799703117824
1365653374650187777
1490789394344824838
451166715
95016717
1498905072247345152
1452008435642519561
2458041097
1449276543583199243
1474801907562549248
1410187478418411520
1046753544823590917
1512822018302959624
1224894216343441408
1309660705931493378
1518693369224040448
1485056574993608706
1374332313824153607
1464426417639284739
903629174434185216
1170743426498879491
1025643064721846272
1288392698802601987
2911649092
1399044011231481856
1511050606072508416
1355195026029092871
1460211651920076800
1510665175942242305
1220704728666890240
1382243347998314497
1490823749234565121
1448094282997448705
2784016071
1519666616287772677
1203780955594534912
1479282062481838080
1402658416900907010
1206280764238766080
1385857694590926848
1430282297107009540
1423741859889811457
71283566
1438709077689786369
1448872117668237316
1173918367968894976
1456327547206176772
1067708870364200960
1489427338890727427
1052547736472412161
1004189299657662464
1491202987682942982
1213203607618650112
1426445111353769984
1507721041593999367
761333736608768001
817773555723239426
1116028276034740225
1455149053562523653
1480932553175576586
1509568029646278656
2489907247
1521524550118391812
1513615199915413505
1447000899122049029
1447929198304276490
1495395604272398336
96288816
750777654832353280
1420800963992973319
1447554429658468352
1267500353135816707
990583532132052992
948858788706123776
1479145000592191492
1489535087125401600
1401291409538252800
1316104594875916288
1068819225442217984
1487758799696015360
1476168770594820100
1485351042590158856
1477334025454993408
1491785732372852737
628083282
494875441
1410075707468705794
3827032935
1420835323458818050
1331935653077028864
326744258
1390706929438269447
1451497753482350592
1283967124738764800
788281683795595264
1102979458854735872
1506289710649704453
884047249013166082
92856512
1508699049779683331
1112728699076411392
848124925
1314948627601661952
1194129505700515840
371881940
1409406229714112512
1507995693763358721
1486335272510177281
1485349029370286081
1478892859159814144
1298481639304159233
2842617538
2636728634
1356529359151132672
1484186921849208832
925563905040007168
1458923402748575749
1408055722890330112
1123781436
1486010157683384326
1328630737734565888
1429881917005090819
1460967848029958153
1421060103038328837
1486787923987030018
1408840297279328256
1073258447615930369
1457345370833383431
1020804272777236481
1379619516078956544
1496165223988105216
469866381
1486052108877058048
1497571385912274948
1468299425240199168
1512194495282126852
1413821440156000256
1480676408284307460
1495960581504864258
1342371417548075008
1292633958245597190
1468675034994688003
1429007875117043712
1911320611
1518122683996680192
470466426
1076809792998367232
1487301814051434497
971378783717613568
1486000116414746637
768904089728065536
1503308319158583298
1438801548390252546
1489621008239804416
1017786831977394176
1264939901755240449
1481662441205506050
982446700563492864
1470673807123927042
130809754
725232313819262976
800738987841232896
1181558140661157889
1499995376132100099
1357912709509963776
1396002979182911490
1484629853399834632
4212751998
4148237237
1491434986326478855
1511185435401527302
1519974959271006208
1456254186631294984
1372439152159985666
857857856867110914
2793412355
1512017343613915136
218062002
1219979806877634560
1265322489426710534
95471605
1412627896116469763
1394331069382541314
592510759
1272191832160563204
1497797432662544384
912326058866769921
629374055
1074010092620660739
1496493677371215877
1522177974606626816
2183052446
1355289001368973313
1441413845306593281
1471803013303922690
1511987801360945152
1269216989945397248
1426213091860107264
1446157482779242498
1438006163052892164
1133880380258430976
1499508202970488832
869763540
1206714018993336320
1134085957580251138
1496107189986938881
1477582540932194305
933258702798381056
1350555856077811716
1502758383996256264
1307045752364052492
1083554762979770368
1499011543102414853
752033788549537792
1502908830505656329
1500653464421945346
967049515856482305
853210872281522176
1271868315204571136
1389021312639635458
1494400631095836678
436408208
1441404122998132736
1485246712033779719
1354784090973560834
1481837257233473540
3314544141
261140602
3421134838
324475186
1479088759115190272
1151948829241069570
1367250282397102081
1447308726776614918
3248642137
746594175269801984
802689250487517185
1047164863334817792
1053416405952065538
1265925419800330240
1474422191735279617
761228590448992256
1493922487536701443
1505899254224756741
1479930165761302531
771516052538785793
2714220069
861502782
411357025
388962118
1289991638924787713
733262530718601217
1143052554512805888
30781469
1501012402757771271
1388973722241945600
1099364741498073088
1118226195756142592
798511971775709185
1517454683299893250
1240147887184543744
973653941404790784
1452239322044903430
1490611985264025600
937969846230269955
1523788403036278785
1494192606095491072
599584449
1110692859592826881
1509561957183102977
1373522325883224066
1358330545659400192
1476437848555679748
1056930663415328768
1378109034713251842
1448617745587871744
1472199510923300872
228613102
1323361172
976644614
1500713930452189184
1050075234794123264
394671347
1436330326503141385
1330684437411971073
1491779713093693448
1251601135716237319
1335538635123245059
1436941028661993474
1089346909
1461256588031713282
1470378648481980420
1503288218141302789
1503285801626525699
1166737105990684673
296850269
1438238222488899594
1373191198505119747
1442517242407649281
1439277361413906435
1444398226321326081
1499325117045743618
1520738445051645952
750367035599646720
2325397176
1296813656118906881
1334573848025436160
1513156222299557898
1248260113892134912
1497565424921333765
3259943947
1311245985998274560
1331478307389390850
1460812787215585283
1481428728005734403
1504817143761805334
1412007698124656643
1336912465
1169195310918361089
1213038371175464960
1485568816289837060
902992309305962496
2567012348
1479188902258921476
1401001610076033024
254892530
1517493765312847873
1432183573172432899
1507348818836484103
1269214134731714561
1174721662174019584
119181149
1439925006721560576
1483629877937209348
829619389779550209
1177043855931314176
1071600040735592448
1241336614523219970
1456739093434433541
1454057396742070272
1209926901332152320
307936325
2817543704
1502637001723555844
980333467182407681
930125585589915650
1258417816975413249
961291961335361536
1552447513
1518571936187518976
1319412941872136193
1353359775212437504
1283511576268623874
1035318084813443072
2192020644
1522333836188680192
1435573688670294019
939543103031185408
1000235564669587456
1430447780951175169
1519655608600997890
1308366784253304833
1187289073498480642
1329404429171351553
741545277362999296
1210589803315642370
1519100542580293632
1341835717794775040
1125260568967823365
1509234864712728577
1508758397868556292
1441603573595336709
1262168921634861056
1317230797632512002
1407317502577680384
147326472
1447592829786669056
1367023688151924743
3184554888
1209178344840998912
1261144506
1287182029369614342
1163816345764532224
1387718829648842755
1264549289252073472
1458259133463863296
1372927423944220677
1343573894746185728
1160614088701075457
742675944956125184
927507016603418626
1522771311684108291
1523362452997427200
3939707656
1442210634796437508
1287445759655325709
4854545315
967939362653687808
1324346485081858053
1502988284771074054
1498357589213646848
1308347733187522561
1210567925280780288
84397388
1242927131186823169
800845193247412224
736297659158368257
1426373937659879486
1453005488979861506
1496407160263225346
1485299399731384322
4135631423
1160520379665911808
1452022357233635333
1515222213225500672
1490663018757120008
1451074925020680193
1459374883813552134
1338108935975256066
1386698233158594563
1487693225314103300
1470511958445146113
1478118439969599490
1260835999782969345
302589664
1501566869005811715
787830848334594048
1394351259855974401
1364833246995963906
856801541038252032
1332568574192324610
1528619744919945216
1399328001708285952
1511004205334822914
906088044
713974055955660800
1533445942027771906
1530525693594853382
1485435153782833153
1340939141186383874
1509111712758173700
1511136837821091842
1510264036394295298
1319839643441844224
1489015213110095877
1223197282524205056
1415944631812968451
1447898237499707401
2741998566
1488905187528146946
1436692159474790401
1442329962099269637
1503349601201377281
1495783103792496642
1417015177770201089
843481042476552192
1436187302418477092
1099460748311285760
1505534424460726274
1194930761008205824
605570803
1528408196309606400
1511143521096712192
1496023961796513794
1513552376825016323
1490049824594399234
1469607958539423744
1513299607304142848
1407815529415548928
1457293030596112391
1526041410667184128
1441590576088899586
1354339401522794499
1501111808316219398
1404075771790991363
1001522796764188677
1481363041203757061
1459562756915572738
1257812740514689024
1377016606786748420
1513440145554358272
1481566058255425539
1523598190418620417
1425488790722813955
1415324197224476675
1409497121129177093
1520289549750267904
1494182266645336067
1429132316069093382
1417446666798452737
1412304405949411329
2541354078
1515553101557952513
1465867089798135810
43788080
1477611613117349889
1477927313023008772
1501848592889225222
1497824834331447297
1489988707612508161
1436728268586061826
1419650579555446785
1431543172711079939
1473276715258740744
1500485702168899585
1444155095860482052
1465689609141116931
895861182594248705
1524412973863026688
2233114218
1433042052372058115
1516624973154197507
1507358947585396736
1388457205226119168
1278540068702093317
3937140976
1458694587149873157
1505926544262574081
1517675177760460800
1456146510551216131
1415567666975150084
1086263346033119234
1380150849238822913
1503407988643893250
1417399001989582860
1392759886677565441
1533073513736699905
1352580775670026241
1457607197446266882
1368827101575516161
1444655950116401158
1022979032885981191
343614720
570851521
1055572872989675520
1208789914948554752
1456603260253523973
2417119230
1486772731995574273
1458992690134421504
1368185109149532164
1297896203141746689
1456915850363953158
1493839135718936576
748839858471305216
1420335831949070336
1183995225397694464
1514649391315165184
1406853884954378240
1509282767426752534
1425752338585710592
1238047165865439232
1416695888689475584
412065424
1223498605618585600
1465968603937886208
1163589669604474881
1443391970265612289
776158520940961793
1200693834323283969
1299256269618978816
1030566410
1414087312447664129
385750046
95022084
4402673293
1302641219454087172
1311068939494002689
1236608159323545601
742024724885213184
1390936664659300352
781597112064741377
1416595957894971398
1210927909847752704
1126216778152071168
1072318674931986432
1327727972044967939
1020038930
129655650
973615806603984896
1190768556696199168
1372460808366563331
1520592851452968960
1471873797976309766
1428411162685706240
1080700212170145793
823826366952927232
1263647556
872129222
706967292790366210
184575081
849397054854049793
3318085371
1480869048598417412
1436874354151747588
1252911959583924224
709437051213627393
1464109680674942991
994324359941505025
992811954
821374953173852160
2743858797
1363709410736934916
1427844493684871170
1244134244751826947
1095860004027011073
2242431164
1415231992245878785
1434815542217646081
1117777623256588288
1452483630920466432
1503411245327974401
1364245353961299973
2507657346
1416351991719104512
1421806903311708166
1477671811915517958
1476852735253225473
1123152505
770006518871756801
1254939310731730944
1335243191180800000
1309942915096031241
806442732
939082011804921856
149845553
931365220504633344
3084848345
1286409620337184768
1436021091693051904
1373552470899691522
394721978
1392133710955360258
1392680622540296194
1283633324808794114
1255655606331027456
1513964897033408513
1264921803388002305
3236290939
1464511842181595138
1410867847354535936
1512457005448974341
1513956539144544261
1238227739032813570
1493187343536340995
1442229415560187911
1480581019413712896
1482836480909266944
1492557658863321092
1428637227064586247
1339852488153784320
1426609499679383555
992050885
2291992020
1517443952244314113
1371825036185759751
1385321400739713024
1454747527845195776
1419476347253149698
1033744552778190848
80468034
1510235744744488964
1477167918890684420
1493697763267203073
1375368373215825920
1483184209212723200
1452572459887169541
1439265452455301122
701995009
886197517452550144
1499430243085561860
1471861504760758272
1466118895694229508
1355240576145379332
4511087482
1482724521555734534
287817845
1298131204370096128
1454830036964552705
1384625751224373250
1493876006754598913
1417793495016771586
1511324625510273032
1425910991053676547
1435012770366431236
1366498213033877504
1462770970301767680
732244400110243844
3609902896
1422685949331394570
1176733103584239616
543078828
1234651890811637760
1459936812575637505
1476223956763951107
1440421003146895365
1472157206510546944
1471529658583818255
1418494415618908163
1457067282480435208
1435599773470367749
803585013157658624
1427670451598340096
923402397308936192
1452582388362620931
1438650734480957440
1504592548723101712
1488271045857583106
1483845623489122308
1510678978599731208
1380474249740046340
1262843867021410304
1439611192348221451
1478824698133766147
2348394144
1437869483922759684
1494867829870379008
1352009043376746497
1436848752115978240
159334934
1462054277057232915
1517581972427747331
1467160019972075523
1438218940220678153
1515687558746980358
2973702965
377268498
1484202216869142538
698426028251676672
1464327092724809731
1445850003344437251
1489958097674289159
564771634
1494563701156114432
1403305459629629443
1445030315664289798
1307280098584862722
1499033482823188486
1474997799443910656
1508838077585784839
1413505550436941824
870735467104391168
1289897516142477312
1449477804844888064
741379600899510276
1023092027788062720
1479942437036380160
1463027787048964096
1243200657953370112
945067483643437061
1480208667865669643
1452255689959788547
1503231581590331395
1515677018750345221
1305894929386934272
1509790084907814916
1471443028451729412
1474301645639061505
1404392489222430725
17453292
1210692250444939265
1506640334830424068
1491009474483478529
1485074546470395906
1419931030950133760
1497600012330569735
1487207993632559106
1483420601255702530
1423020753956528130
2413154590
269020922
1462002025600794624
1484294227479740423
1467174203464069125
1518875971297980416
1500606955727069187
1286173055149056000
1495812771761606658
1425589787755433988
1500515359509848064
1403411186079735812
1527260148
4898313869
1484838550248079360
1447523492874706948
1439322205570142212
709375592
1394475463884648452
1322855973577465856
1438535656528093193
1377675808567930880
1149832064
1419620821283360768
1489564379955843076
1302219931702956032
1504755893577175051
1037777676
1231993354684182529
1216992207439310848
1445368079341563904
1482322570795966470
1432436115374370818
1335586803169026053
925280707840266240
1483027749853872130
1459901497408294912
1496914407829430275
1480466358051786754
1485024977686573064
1472235717724188677
1229619255412432896
1028979738814177281
1520156181175869440
1488572956116766723
407498460
1513592806060740619
1447247281552601116
1477208313695715328
1473352183563309064
1167070789889384448
1375207331387039749
1488930948259401733
1485156410472157184
1438907885937901573
1488230733579788296
1478643336693141505
1129133008961835014
1499996780351479811
1468482822872924162
1051321212226428928
1334359887942324224
147792009
1399394310337011712
1478022844026175493
1482087227320590339
1167077926568910848
1435928851507519488
1424528878580617221
1472374604857544708
1320133625778757632
1096035418221543430
1489980781208522756
1437362937048571910
1514905597145239559
1480259862680510464
1462473815963828226
1114099230
1466360430926831617
1507420005184454658
1499642651620085763
51361478
1434006448762130438
1485894181310676996
1080953692835250176
1286065483976978434
1463075284211539970
1512078755061125126
420320525
1398467902630547458
1476780212545335323
1433788646872780800
1387860767983161345
1455379039468892161
1455555340435660802
1462914339753508864
1408587080893034496
1442107795315171337
1514275136828067848
2489731730
1398759593644265472
822239328248201216
1512846651572039680
495129730
1236310563740884992
1512042452449959941
1242797412974055425
1520913457188679682
1472652248463384582
2874934059
1518564630267801601
1490391966005276676
1278032466553552898
1324835845656977413
1478649357197062149
1474668793628659712
1495455591204106243
1390386733590712321
1466509715270164481
774889625538232321
1511388598666514437
1510697930461691911
1477043287395610626
845588162
1371491666335571974
1512086704663846912
983973987050049536
1500776319210205190
1465358568924729344
1470717732081569797
1439602524445712386
1511767971726831623
1210283212573937665
1387493397624238084
1505232207245451267
1449484873929003011
1447278735720337413
1431010710964817920
1466809045394890752
1447431318057349120
852775837422112768
4574226553
1500131312866267140
1356680537440727043
1387682143757905920
3039058677
1433399192542748677
1022978565707649036
1486065695272144900
1518567956359237637
1507155457152110605
1490411025899917319
388006463
1137037720151347200
1134107986916532224
4142745856
1509955147098558464
1447811861009866754
957257923
1435691272388423680
741077262250835968
1512093427227410437
1489576980672614401
1480999669455110147
1505265771601088518
1342720813607362560
1487445708651343875
1469930448331628550
1491198322668974084
1433917131649916930
1204095720690716672
1394954512692125701
1509185683495260161
1452440691783749644
1448976952421875722
1509070222342250496
1508077358187700224
1487525126
1395660717907267588
1486093370825056264
996029195468902400
796936628614799360
1513992356349059079
1433525690385633289
1069589820
1500954102783741962
94570512
1479186383684182019
1456645776134737920
2203154467
1516780670466592768
1172192306927144960
1474158008418676736
1487601031894962179
1477123770125111297
1473820461192474625
1514363420652490761
1500970713695596557
1269233831455973376
1464637889564786690
1128834794
495865932
1500113098530766849
1468107289491955714
1344892374598774784
1497354921431212039
1491899238762041352
1489745333076779012
1490280378799693827
1446379524938100743
1390356691640733696
1500782133438304259
1489615911124447232
1464918730186629122
1441813219316617217
1494200617090240513
1481339022953926659
1463747817764130821
1513259964529319937
1414886945600131075
1223633609313091584
1144979067944361984
848892438781538305
1408844800149831689
1284365363426164736
1256048357706919936
1461818387617701890
1460902218190581760
1472201319989587969
1471172317673930753
1401993182175383562
1515629843936948226
1394825277079834624
1509879200194482177
478739603
1503704456403296267
1282700167
1515800547407937537
1286553971042086913
764926219
1513076170346332162
1495124149219606532
1294040292253933570
1469308343835582468
1468715861431275522
1516534066891399176
1438884852389064715
1048953870083223554
853250269001469957
1506302449405112338
1446869692027527171
1496701152880115716
1514881591327457282
522267228
1443081153573888006
1481108917828861953
1505024516543901704
1448465085328986114
1515786380059852801
1501611851607642112
1475651471421149184
1495457096145461260
1512572757837496327
1482357313478574081
1467572649840812036
267474791
1215328243265327105
1443227301290913799
1396838273004285957
1496215360370266114
1483224938731425794
1484787230598180866
1515668159868588055
1475752516210073605
2989297594
1490696030467330054
1220823957982441472
1468060597929771012
421388642
1482800947373953029
1492656710317936641
1489592132411273217
755083461401124864
357511868
1075231564664094720
1455952564365713414
1344699898290196480
1356211136
849477272058945536
1415468643651973120
1368104581
1095751889273147392
1228354410687991810
1489341716289454080
1527029518535479303
1506898593663238148
1441259273883848709
1213010391426461696
1497469556876783622
1449764387305271303
1500025608947990531
1475615282530070529
1489777986576392193
1439428963827212288
871025892511711232
1209176307868659712
2964002410
1508490005504831490
804720921667915776
1375406265409622017
1456717867685187584
1477398000561438736
1006688251321577472
909211001823858689
1441032935965032448
1379492884215304192
1453341346572480518
1443790083652530177
1493790522917687296
1181627487526297601
1432059621242458113
1491472335999619074
1452314276971024398
1509684129486581763
1484316302277693440
1478920456174514177
23842971
1508535169875066887
1377966633734529028
1450573167718711300
1508103103203221508
1457766652200820744
1524125651254398977
1419672729976901636
1361468311939280896
1352746209027497984
1460930717584703494
1495766730135777280
1466127326060683265
1433891271358230528
1268150479961444354
1447594703331921925
1344787968935010304
2793638215
1208446471055523840
171467774
1284730061480792064
1470787046637670401
1186608904718954498
1509180432448954368
1503766807521472512
1265010736058769414
699899796581191680
1528429324587630597
1467706992110227457
1506758233503027213
1471592815427821577
1503767092763537415
901659874144243712
1464214157373640713
1475215219190341635
1458551919941664770
1524123171225448448
1460775363483742209
1489983169919131654
1451583595580039174
1447550116164878336
1495916753737682944
367873202
873289926124679168
1507393915162591232
1471526482937798661
1428535994282692611
1454794538523021315
749570793609330688
1372940531664265218
1487920999639224325
1440858955345907715
1482898041858363392
1264342177922142210
924018639044599814
1508186310342848518
1335996132871192577
43477141
1506674489874333700
1435767560012636162
1447696823146192900
1474578359208271880
1499522500132225032
1483060954405699593
1487806822367084545
161340834
520445760
1513482524462399493
1412145203121733644
1273230368871641090
1483266813194805248
1883225898
1288424976769482752
1466821198797586437
1526704046001868803
1516522124588027916
1332691547004014602
1294528895014694912
1487090805320093696
1440044210644680704
1509183557691973632
1524493254804312068
1441312946236264450
1457908656721248260
1188357770
1493842450246672384
1446395305180729344
1490139171247341571
1514177637601591297
1332780204712996871
1477808811696078848
1486739387736076288
149372176
1481278015447437312
1460494694794862603
1512875389705940993
1455125555909513221
374919369
1451486793459802116
1516702995974664193
703814377569300481
1511775107466895364
1506343286755241984
1446979917204312064
1376566971131641856
1511867947995873284
1504874958803152909
1398869942536003585
1392700421530079232
1453358192398901251
1507295728183435275
900374991182733312
1519621817635385345
1448005281263149061
1387190818142883840
2206658987
1528379203531440130
1497328337513033733
1480655594780516355
1404415010718236674
1461999625427107842
1437500959114993667
1512366929561985024
1497769824008687617
1462026897014104068
1423125253077626884
796934030293798912
1195610129221259264
18928128
223511901
1728583934
1490385418071814152
1426268491850522626
777956936
1502209499339399168
1502012874750783489
1262994808425123840
1453831323886424081
1469028683411193858
1446002487912062978
1500205624625451015
1954313480
1486710435176869902
1238671590960889859
1460780753046937601
1468928812444368900
923201241206874112
1482202460705869831
3031635148
1276643413132271616
1532103153117970432
1512658654654255106
1057582857579749377
1526131621052940289
1523765580498669569
1487875979745927172
1528058220543090689
1500950056169447425
1505963798036893705
1249629636268421125
1482847180188798979
4603666636
1507889364797464576
1511707163063894026
1481002880723267586
1482576967052451841
1467477257854029826
1517793641179324424
1087055956037513218
1484200532528930819
1072396520882929666
1500912187673825280
594054036
745306321570914305
1456326215132979207
1283284755778338817
1367669842443132929
1497730404035760129
1125519839123136517
1443144170571329539
1486325067051118600
1438684589174640645
3191032983
1476271756050583556
1516871149384355841
1519714443642474496
1423320146278502402
1496811560483934216
3291226179
1433951242565345285
1387583294305406991
1489409071673401345
1392179658213445637
1425583976
1485433538522619905
1446820465171906560
1473020161561088009
1202744984975233025
2589464654
1490737655205842950
1321998394995351552
1198805333314945024
1453079615090659332
1506920859113566214
1485668161538170882
1483446603612667910
1485624471499296773
1437016454495281152
1452720522186346507
1380270978144567306
1510905837526601734
1497636894997422085
1203536284641136640
118707066
1510983383979024386
1513579581516791810
100073363
1515376036866936841
1481474256391139330
2894199585
892099351878750209
851102799899181056
1366086537197322246
1211162772
1513267317563695106
1454655529721098243
1442011040523304960
1308321014699311104
244677659
1480135059105587200
306847325
1452657966788882435
1497305790524317696
1485041361405583366
1457352649238515712
1369283590031245312
1497464501741838338
1486319934502281222
1223585380060094466
1478974146352586755
1488148944932716551
259415494
1489914808438767616
1476555570610114563
1488654482925932561
1478359777151311873
1434278050800209921
2817096073
1285614470891536384
1480163269088272387
899593610701676545
1497237818686545921
1454926795644485635
1442313659917606914
1415324327113805830
1462094501883920392
1505037647848538112
1397669609474457601
1469336195121377281
1434882454301642756
1497955498246688774
1449389549050867713
1430820652013940740
1510574145779740674
1479586183357206528
1486611836049018886
1315405037183660032
1522532525360484352
1492142961479630848
1142989911957680128
1442438480630456329
1158484807
1455338203360157707
2214085800
1529983787312074769
1493444546843324418
1348397444816642048
1471878139588472836
1266967083440467969
1510301501738131461
1494157938721579009
2501290159
1491878295968927747
1485909934801829888
1471328787354714117
1348231058022653953
1431745260242276355
1438103055191482372
1237939007088181248
1509608404590993418
1465633506378276866
1486732623208542216
1459489986076504068
1482764602635358208
1434004095921238022
1454969657270706188
1253447885359919106
1460635396791013382
1491321451932270594
1072827285202460672
278314094
233869266
1304665731833888768
1484406762820222978
1466864279974334464
1108799005289517056
1387031673229832203
1417683961212547073
1227090516493455361
1509078817385627648
1475877650740785156
1443329798730702852
1173790381391015936
925562469719740416
1511830100806938643
1353884649068654600
1274588313123524612
1523415416722235392
1497130426204262400
2524068180
1292282088167600132
1262430765247156224
1499105151239528450
1273014199560687616
1156042022656118784
1493389087469813762
1483154513754218500
1484961302141407232
1461483451236900869
1023405063253807109
1237650752555716608
1454456259885903889
1146015905853296640
1466524577622904834
1431671148274724869
940499739996491777
1456206335637295104
1446525512541773873
172633195
1467783072145981441
1484800645542600704
64051613
1483608088255074308
1408937871201947651
1495961180833292289
1513601545731985416
926946631504732162
957459743173263360
1526730010031169540
1509131616425234442
1475476360885727243
1442647641502982146
1430759925156704256
1485626276706664448
1361238602533859378
1468153555739676672
1460665833907236870
705612768
3354376906
1481721401514106884
1484317822930935812
1293602413971038208
275922219
1506072338386853889
3315993963
1471464372757274626
1681541280
1265512486725353472
248055550
4480986676
1451926383702196224
1158827140151951363
1090196297406017536
1355164945323683841
1505831920990666752
1355493706070159366
1435299344215953408
1203525098944126976
1205391967737319424
1458832713662750723
812104176
1435558725419479041
973047799209054208
1393211404920918030
1319980244615520257
316354502
863203771777560577
1393914785209724928
1402274336598331398
1443907913240793088
1501472818118250501
1053339130250301440
1279077091149922306
1455459624
896692499879649280
1479321583156088835
1444243286756036611
1283624027932762112
3338608993
1450103134173351939
1453295625836060680
248390035
49725380
1451608123819581445
3001814386
1467862754694471686
1428857798608269317
1446100473354743816
69920648
1480671296149241857
313941839
1259142730216812546
418205370
1519974919966240768
1211780774493507584
989046779135045632
1488679062604296196
2925716203
1206028694
4789186633
1453843763806318618
1467606979686412289
394803286
1144394602155167744
525381610
1498929516558761984
733319805156089857
1419646126001692683
910170146
395004842
170996583
954327818539884545
1082308300446883840
1424210246705242116
1396801836053524489
1429696410136444929
956800137942122497
2633697926
2888652064
432927724
1411774774817169411
21727456
1409074178104467459
1391998476834074625
76926772
1415862219980656646
1380155461597560833
208563834
1187027050340798466
1445002164162555910
795985243773599744
1434862081535143945
1466498517120307205
1466178209452593157
104060463
1297671717544812544
38999142
1348268738726948864
1466365626566332417
1402150141684072448
1465432651632762880
1489187446814388224
1471976414257692677
1068336224874754049
1168340197425041408
1204052200579895299
1013154353790799872
301109887
1379081587271196672
3784267347
1228057394082652160
1464534097792012293
1412331353639587850
1481643599871676424
1428688987259080704
984860246634934272
1283726465239064576
1682635273
481066177
3368512093
1459682428453208064
1521170686567403521
1477350080718028822
3153486683
1514952051331145733
1449758189893918730
1447611649536503813
993905282752245760
1051128098802941952
1247931138699476992
407108565
2398531945
1478606244319580161
1372314620531200000
1424072822226395139
1492917652431736832
1289696717571596288
1274971841925271552
1453405692673597447
7173232
1461324154381103112
1402620688981180416
1377683239310090250
1474087298312675340
1413188459158654978
142195755
758614054231482368
1401406260000460800
847927802
3246200947
19395504
1249021474498805760
1449824583977209872
1265670911715233794
1568227771
91261017
1488903777709084675
1492360421172555782
34110125
1390082392467984386
1446933664214884353
2250308248
1425082829294084102
1407553049770430466
153243904
1426403206142173195
1393936683889012746
1074501767637950469
39252085
380313112
1264584870
1603398739
1192370194712272897
1359470246785028099
460223299
158022096
1408691479543877633
216580114
1357593107483660288
1334494488354455553
1375101951399067649
1162807742
1404050905314570247
1499041976091435010
375716616
1382743571552342019
1273670303479140353
1386204782730244105
22326646
1887967370
1422127209721090050
1443728746956025857
1377876647425187844
421845502
1269299989
178493281
1338696962627923968
1368196307135832068
1408031766737133575
1412533718250622977
214406252
1409794811444404228
176299047
1384192888406351875
1337793900489175041
1260683012364173313
1456965841501708288
1454093175694393345
1347140802577788928
1414254109251801092
1485602014398926855
1430731088393998339
1202495979708145664
15594674
1370613948609871874
1280893228821016576
1454701003517751307
1402485867206352900
1158361807725006848
1368439853306683396
1308441303772872705
3437868027
1044588692705292288
1327848345813958657
1394652275163893769
1150607849690750976
1198511983240179713
1301192577547460609
1421109889418424323
112194745
1470774646446428160
1072902767751168003
1421031139502788614
1501482827568730113
1273849843782316033
1112049198529015808
821018730796679168
1449985682848501760
1454643049368195077
1438968356099477516
1525848281191919616
526544988
1454816085845307409
1394633779923324932
1451513672178679816
1417550433976000516
575529130
995327591237079040
2587212366
1363112888655695876
1387477231535001600
1053318427639574528
2785886604
1396012591156060161
1308153754215092224
1498775567927328770
1435588581335003136
3021015037
1269457066516557824
33457664
1187108659
1292524350193782786
1395283306795646977
1461347996268830726
1329380063779966976
1386902680166191107
1316218410276024320
881283740122697730
1190109332613894147
1132288638
1431926404543758341
1454814469532569601
1463738859045404672
1483442213443022857
1473360440793223170
1489784364
1070885564
1359912637916618754
1385173233348096006
1303473874567340032
1435854183798767621
1132628114486583296
1435118734998265863
1487758087448678401
1515019886946578438
1519680697363046401
1105955461
1514305485897412615
1419374744608985089
1342248238833872896
1506215784787451910
1485338108967194624
949935396179398656
1656444102
1406959217634799616
1415073772265164805
1481715135118983171
1382583073473060864
968062526
1464670908795207683
1336582712564609024
1409882682222432263
1378868770966446080
1505421986356289542
1490762752914341893
1261547860723503104
1410789084402884614
1389365155830640640
1493358051780227073
852782260415635459
2629719486
1516070691900207107
1156074409767178240
1449286061620809728
1212404678824038400
1295792347536482304
891865171357868032
1070858544994496512
1269186259332681729
1433413032198082560
1294945113961975808
1132293684991545345
1431206166642642945
1489265092575174658
1386281339616305158
1074258212155584514
1417060290387054594
4876039539
612270360
1135626094835617792
878342081642508288
1515906832610787332
1495697252421185541
2254787425
1487542834362142720
1298291044249939968
1459152746687262722
1411635280545787904
1432924788184420352
68931163
1401694773837275145
574977622
1398588451474358274
1439914294984929284
1504433002608168964
1421127330668421127
1496017922413633537
1341224089940230146
1360034659703394304
1586018304
1393818670531452929
1500040512656461829
1543555860
1315991255038349313
1425009259666890759
1137326568076906497
925308036289318912
1339481118429483008
1499779399486668801
1377252246237413376
1446832432292843537
1122736962
554611406
2720035320
1515371092075941889
445688016
1468444121157316611
1528285322227994626
1459847849563152386
1387391325205458944
1466599829186887682
1392731343096672256
1180839222
1463521314971414530
495249214
1438563620334440449
1500086783828279296
3234245270
1522486848064573442
1456031894944960513
2564204395
1350346191389687810
1400714465822138369
2375910320
978638816801181696
1491011407428845569
1461297912231522305
1354389133
1462449852890107908
906999444
17340970
1059618537726074880
1486037614754996224
1446709662225731585
1455236416502317059
1393233270679080960
1382741755037061121
848994649725431808
1605844548
1949559619
1218622353292181504
897834939126657025
1305927496651730944
1118284778
782747567348129792
1481762572756045827
1320596337780387842
1371117448485761026
1336635800159547392
3604033698
1423774250939334657
1434378947970535429
2503386737
1432399805284638721
3363651669
1435519305999912960
1333056948095377408
1489752397094309897
1466391777225502726
1363048175875944452
1361386142738751489
851392239389605888
1426567245057167361
1504795598981320704
1249681227054845954
1454294475283394567
871315771829493760
1488901933545017344
1443074291772256263
50851315
1292637489446912002
995537063171756032
1409589698259951618
1490304095378235394
1511106194190094336
1425018060545531910
1434780937024196608
31192057
1361723142729658371
1427648858981605391
631010055
1375071975316459523
2402337942
1376713097591672832
726825379
1195881902
1480837026861789185
123130893
1197567528
64156785
1453971748278263817
18020605
959047369512796161
940173574664372224
1132367727883182080
323032855
568114304
1407388314915598337
1387997131022028802
3293454098
1427187712423993346
1422401086384578562
1396482271079637000
1375633874785611782
1481237364425084929
1442367604568457220
1457980330334322690
1368364406359220228
1372868983947333634
2820741398
1469155854955933699
1453625405890383873
2952212076
1498646608007016450
1345350723114999810
1512811225708703746
1173763184777486338
334809642
1431384979876028421
801625603
1172871130551635974
1481738589679595527
1434685064990711810
1447397642254774276
1391230029149863937
1340263753456168961
852935556447309824
1434834066822500355
2492227010
1509897140159787013
1371227120807120897
1485116727692521479
1094924033534115840
2734419841
966527169190027264
1404019476664782851
1434510497211199499
1332673513602375680
983672927005458433
1497974117605453827
1343499367530037248
1211708116540129281
1005328674
1495764652524851200
1359342431238504451
1494605362531483652
1461385431636144129
1475840881152315398
1460298936909013003
475439700
1412342478263308289
2711981311
69887722
870742471
367827770
1352492687476178946
1403254820308492290
2352612708
1386995828917784577
1458292732250763266
1421740659514384389
922824328365748229
1468579133038997504
1369984046432886784
1432563720459223043
291866732
314784956
1404150982762708998
1695454987
1465735792630894596
1420445792804868101
1347696281335042050
1261990975
1421129944910884867
3347128635
1356104258408484869
1447268985406324737
1344990039407689728
1442224998513397761
1474977098343534601
1015139326747766789
1094419081350922241
180573522
1471003434979500038
1510780760642371584
2862991739
1468940896808882183
1449403935098384392
1383034815503425536
1105780446955294720
1490836689152974849
1284423554235109378
1243538148770091013
1506633529849180165
1474260768094711809
1530941121404276738
719570209393156097
1482007557069803525
1427158860834480129
1430270194501308417
1155120696
2752514098
1324636491801223168
1386704495434997762
2371326318
1261834980965130241
1433960325087256576
1496545652469551104
1491449560346017796
1172831552
1476765951764819969
1331191828469596160
1468914802525356036
1399024624302702602
1252933726176239616
465111167
1320291125735780353
1435499981285195776
1292309371314028545
498890090
4092215232
1537655894
1340119365065211905
1490302680320774145
1506244664034496514
2677521
1290580841370750976
93821354
2309934393
1393885605709287424
2381973666
1505383136372441092
1152588465751519232
1059489072928960512
2184498196
1508790758924603404
1475686491040985094
858697938318577664
1443976933675397127
1391769846782722056
1394388947648798721
574166659
1416628772565143561
1321163171130818560
399182033
1421133334168604673
1466532928377270283
1508794309595774985
2958533023
1363641860019920896
1467737566086504450
1406883969367351297
3450273742
74604641
1206781131993092097
1456304763700645897
1244541912
1426316724
2164474367
846163155986341888
2334008898
1214231023153643520
891797270
363414337
1258548752937357314
1354774769992871943
1467483217418592263
1480149272309948418
220652762
1576918836
1473605482350788610
102671664
1243654123
266470503
518748452
1498753509533040646
1456653866909507589
1478213221722951680
754003588968509440
2528974897
1495295262637826048
1483577189694115843
1452617779660607490
2759552102
1492079392784359465
1446499016494096386
1412321225284767744
2900291419
1506806769762283522
1399422844967165953
1388753437140127745
1424984595989090315
1008038546861641730
1436047041659035652
1529693036497645569
1371667468255567881
1524315483407007744
762022419129331712
466098157
1506591823669899266
1449716165668900865
1166747075301691397
1409039281868341252
1493754887011966978
1450924314421833731
1501911213760032777
1498260047570378753
1453832180489064448
1489358941465284619
1478214277672562695
884560548439785472
1521093142560260098
1478183941194403841
1377563599686627336
1409133020896907270
1414900275547054082
1205857151828279296
1377945231849484288
1504141321082400768
1491726246543335428
1469246678418874370
1449812925917581314
1402149844563763201
954550429433544704
1531808751128571904
1513156891211354123
1518109028244762625
1466806198485893128
1458552656813776896
1505442483161137152
1475821049824514052
1415320116913311745
1485359870169821190
1367337168402849793
1390164091537264642
1385277942779895811
1476793930733793318
1453231722603089932
1513419997732904962
1487054748637405184
968728674941001730
1445475145787666435
1478303301108211713
1488844620788375553
1483902893925314563
1480261485909655556
1438274511586082816
1516497549670162440
1517596602550165512
1193320443005915138
1175806145807683585
1523263938141503489
1488553560744804361
1523370277593403392
789043894298120193
1641360199
1445812393951457282
1528462494024482817
1506732379620225032
1475228639348371462
1514602058900381711
1467196507350880261
1459149159953489922
1374679804063195138
1516635161378848772
1487762472236900355
2934108004
1528730238674419716
1468345725985918978
1456959226807726080
1473052366417113090
947435022251888640
1505903932530638849
1140496755152179202
1453173436000342017
1488647583882952725
1478188206721884160
1429781723156566020
1031118043232067584
1478104768987885569
1470277338625560578
1160607117134323712
1505904002634063877
1363733545169002500
1509580193631186945
1502708464283488261
1491348633287077889
1442711455162273794
1515276327162626052
1491953080753336321
1490675370747641860
1473980096130207754
1394028915937665028
1447483063483527168
1395060899925438464
1058727005120802817
1486733095071981578
1410996277584838659
1505644723759095808
1425835198596337674
1434427466714468353
1413858072116699136
1302556785107107840
386087447
1491180600543350787
1355274999972696069
1494359889941913600
1492473044354412546
1499525708640571394
1425494423752769542
2986213576
1406581994822250496
1483407619905703936
942286216547909632
1298764431074230272
1460521261633781760
1313505737818083328
1492933513024360452
1469192602532696064
2303636186
1516342994743402496
1446821221467705344
1424666557309804551
272742859
1060707068
603907729
1494818053053370372
1455087902795485188
559168053
1412263880718385152
1092109868
1515253151968153601
1048090235559657472
1419215761113980931
861774061
944727702
893824778074701825
1333194953518960646
1462447727686660096
1424681896907247616
755219188835356673
1459158102226440201
2565071201
1041892820502507520
1371870686445072384
1394475795498684417
1909829054
1346766180720275456
1411363366547886080
43070676
1434428683821846532
1508547857091108876
1391050378511372290
1439623711422918658
4495841423
40687229
1466116016044486656
432063042
1370737459978366978
1283643054050562048
33827636
1476236984339374084
1368850788504592384
714784775756767233
1318530171691880449
555256985
1386873745944449031
957470525076340737
1225278209740152834
1433767863576186881
4106990353
1157330973387874304
1104593169256251393
1448765096197558276
1387749834233290753
1469018085969518609
1031236032426070018
1495175287541219335
328017745
1474714031831203841
2788219521
45493682
1514137640106299395
946409865622228993
372199748
1389201146011549698
1481249187148795905
1441332979620450314
1511371778320637955
1475018533541015553
269738728
1175720123656736768
1446688650717061121
3311237765
1445470769291563012
1459314298371649540
42853548
1509792963731279883
1085830573036318720
458361708
1103404363861684236
1436994537293959169
1490313330518798336
1111324098477596673
1393863849934082052
1416470987701465091
1376253977218535426
1084431224251117568
1517556866750029826
1481204029422284801
1015345440487870464
1386802359259570176
933018130539995136
78322857
1459335451513278473
1443115298559770626
1472725791293120516
1385134380440424449
1491549595
1441452305379848200
521191163
1007010531989811200
1108421159727628289
1156269110545793024
993974409370185728
1509406376690397187
1414647703498366977
1452723763401957376
1321953728199487488
3428236491
37501147
1259850119245152257
783099392320471040
446128382
1500118939661127680
1383185079246024709
808337754
58451651
1183216170742104066
1462113241706938371
1450611643260588035
1245905129238220800
1419178114064785409
1330445579667742720
1364575007276425221
3166008431
3400052712
1456890234520625154
1382744236307542017
1444603233318625280
1333072070935269377
1497680486809939973
1482052029178601480
15095331
1354400620174708737
1134907167444619264
4386914716
1323006627373600769
3402463078
1504532841639600128
219291597
1466306276355362816
2279544342
1476525512755322887
1353734504
106474230
1342192770543464449
1121859431686447110
1201526716407189511
951200050847285248
859565424
2150558203
3081905681
1740838248
864975079884587008
810131114413080577
1251619804223467520
1441913849456697344
2461024339
1361946098839904257
155538875
1495563729223798785
1410270545434726401
1462606142601711616
957033605284421632
1299492111470002183
1455486614520549377
1440327840814174208
1433646781464662018
132284265
1476612288551391234
86390192
810171526255439872
1497799236817088519
1492094829123481605
1422011082667741185
1444655293841887233
1405481518470811648
418562284
239420715
1387484549484064768
1473841706466672644
915333690950946816
403452880
891074778429358081
99775746
1273414684348203009
1286099184
45110022
1016157656
26598204
1144390606979862528
1394127324119928833
1204867766844567552
1301755436505407490
1267500293853331458
3146700552
1361413811081781248
1405693560075210754
1494685029057896452
360617835
97266991
1358516935982481410
576650046
452410398
1481322185851654148
1490111910359928834
1520011184661012481
851908505292292097
1526930600900313089
2166579157
381408284
1520060033903566848
1405504200922992647
958257327953580032
1479376455671107585
1380063415708872706
1329889942277816322
1183116727095386112
198340930
1476760057878663168
1532138664423088128
1517536080505016320
1383753748237848586
104767707
1505996023134666752
936724721478987776
804448356189741056
2780479048
2437394635
1418193057573441539
624689721
1485327028526239744
1400353904924139521
1344601191335006208
1349565938316689408
3646585284
1438675114615349251
1339128058553364481
112361856
1490841267882070016
1496805067772641280
1459103467063156737
2424494677
949705926730289152
1299992652188770305
986799243191971841
1494057275073306624
1383590404344356875
1417092962719313926
1531709839193296896
1068992749
1509885469282254850
2513784019
513156068
1471444668541980677
1357284163578167298
1206998068047966209
471727741
1269327340800143361
88765131
1629665028
206640240
1423268602086559747
1389853701158756353
1244101173591891970
1531540823439032322
1498990659331846146
1464891215611146240
1431337562254106626
839406455514005505
1484760449493368834
1479805186285531139
842052389381238784
1462119996310663168
1454194632968052740
292994499
1467601214070272004
1017377750745636864
2983369398
524317836
955291161618362368
1519002870825299969
1445508204885000194
515429515
1481560079031746562
1298261521567379462
1461633275709980676
1452677129552941060
1433491400067362946
1057368721449197570
1517203571049373697
961429883011284992
592247203
1352694517061791744
1317537733
714930558644518913
4375445898
1441183906477195269
1516030805860139015
1421249976
878347345
1889519510
153540413
1474406481600528389
1468213812994187267
1045245186459209728
383481174
754835647
232693441
1531312637513965569
103914956
1414382896299708419
532912214
127171773
1517097522996686852
1418814891419475973
2981611073
395091564
1407756633850122245
320419825
218472200
1509628523530670084
145141228
1481325080600887297
1377920054373797888
1366715716213370885
2353192990
1234556190
1517732990071472129
1504729502169063477
1479466398632001536
1465337693156560898
1432294016486363136
1341288030447931392
1303770008288337920
948376622553620481
3146515473
1465719244746854406
538671316
804031497011417088
1305809183472746496
872331591963607040
1517111356788555777
1450817940551467008
967191912498245634
469652940
1416026262108180485
1009221376975261696
66326137
1256621254536241152
966018889174806528
118107295
101400139
955492164544483328
867350896967127040
1659418874
178110993
14390470
1511776524508315648
1480860592583938051
1397131689642512387
1374122528914964481
536340275
42367134
1262150305484955648
1503304806546427905
985571201870376961
1269628207
1176050977
287596360
436639615
1417098431538073602
1500857324080189442
1393430188508078081
314624249
1422202770468212745
247847654
61275284
1489526633946132481
925049874
1464795654308388865
1431434360213938178
1420775690941739011
2387593291
1486549094080286723
1467269513863442440
1377997487944781825
1686305310
1174341062405644288
1465614239524175875
1423124797014245382
2735047749
856650352338378752
1416740000499175428
1508600226776596483
1435495623495536642
94341853
3033145461
1521811560775229440
1366734236225589255
1225747480006012928
1458281748530606080
1483770006739562496
1473814071266795523
1490515401066749954
1372282393520930820
4685482051
860208983386333185
1486645866144276481
334794352
1487195798161047552
3736223899
1313144630
1505098800485965831
1531479544284200960
1395735728106184706
71089998
1090749610602172417
1257783084835131392
1516326536953139200
1437437008624996352
1357340381726216192
1257580328304205824
911612694045872129
1530642114169786368
1519344730383003650
1182256356092456961
1509352775519379460
1441741398613512202
1457272672891838464
1027446811370246145
91775510
2880325377
2916417271
1677188664
1486092869492690945
948276075544662017
3059698522
1345307245
48287201
131540425
359428658
361794965
2272460670
1490840017446612992
1482103496572907522
1490197486002061316
1474280123364958221
1472311314886258688
946007997880287232
1433555930302476291
1494887493627691008
1381598017900343296
1393857933482500102
1519733044583796737
1435884974532485123
1462824033406394369
1524081633829261313
1460202471457017858
1483739769318567939
1426208454239309825
1452684119884718084
1474512490121895944
1202643977276669954
1052870977972031494
1455651546897821697
1497696677397942272
1495000850644697095
1249280430441979909
794975858633031680
1528714026582257666
1372934943072866305
1498125425481904132
1223422659356024835
1228969339912675335
1493774228323471366
543902757
1509029242515820546
1108554850701213696
3036115923
1226089767655231488
1467608339446210571
1515334438087176193
1034582088
1422929036733526028
1400055338854981637
2353347162
1388823680520650753
390878605
813527138
900049488206811137
1407650033529327626
1077563478
1976242206
1465474395493699586
1430806972375322625
1323597638323773440
1495980884691808259
1501454918552588289
1441126946029641729
1228014860
2204012810
1490737632954966020
1667229762
1360976206582190082
2592143833
2861947217
2786365318
